Arabidopsis_thaliana: [ 2.25289592e+05  6.58886653e+01  1.13073611e+05  2.38837131e+01
  2.02112243e+05 -4.51376306e+01  9.93716319e+04  2.10320014e+01
  2.11797620e+05  3.41301629e+01  9.27833064e+04  1.86947675e+01
  2.84411720e+05 -1.43225449e+01  1.37374022e+05  2.84694490e+01
  2.23315770e+01  7.99768135e-07  2.10159310e+01  1.31399662e-06
  2.54871128e+01  1.49260177e-06  1.97750350e+01  4.78681333e-07
  2.34713987e+01  4.53301039e-07  2.22719869e+01  9.14271432e-07]
Homo_sapiens: [ 2.35115827e+05  2.71569531e+01  1.22482697e+05  2.70859781e+01
  2.49626405e+05 -4.68800638e+00  1.22440258e+05  2.64575589e+01
  1.61395198e+05 -4.19696760e+01  7.46834586e+04  1.56388678e+01
  2.31909409e+05 -3.98308126e+01  1.19180164e+05  2.59694185e+01
  2.67035311e+01  1.88074278e-07  1.98145059e+01  3.30817764e-07
  2.65171049e+01  3.87641438e-07  1.93241185e+01  3.08378446e-07
  2.61320119e+01  3.23298499e-07  1.94628777e+01  8.92923619e-07]
Saccharomyces_cerevisiae: [ 2.72691887e+05  6.27307262e+00  1.43331371e+05  3.16266890e+01
  1.63135231e+05  3.64454009e+01  8.21014642e+04  1.72590771e+01
  1.64259530e+05 -7.03389131e+01  7.47491103e+04  1.50811916e+01
  3.07949892e+05  7.86570431e+00  1.55531730e+05  3.33418858e+01
  2.18131826e+01  2.63381143e-07  2.03726410e+01  3.71465796e-07
  3.20922352e+01  1.90016575e-07  1.61039551e+01  6.12569216e-07
  2.10588168e+01  3.07992615e-07  1.96984430e+01  2.97129547e-07]
Drosophila_melanogaster: [ 2.51530030e+05  2.41215561e+01  1.34329152e+05  3.10345261e+01
  1.43018268e+05 -3.36035661e+01  6.90501303e+04  1.47044872e+01
  1.49554007e+05 -1.22738540e+01  6.88702916e+04  1.45413926e+01
  2.83175401e+05  1.28692877e+01  1.30023917e+05  2.73593837e+01
  1.96882689e+01  2.56094775e-07  1.97414044e+01  2.56599874e-07
  2.87113328e+01  1.33175790e-07  1.46017233e+01  2.42941085e-07
  1.73022977e+01  1.40506397e-07  1.74543433e+01  1.89817898e-07]
Crocodylus_niloticus: [ 2.49569505e+05 -1.40339370e+00  1.30692227e+05  2.88755203e+01
  2.35718413e+05  7.49070411e+01  1.12289063e+05  2.34937144e+01
  1.64849987e+05 -3.57156123e+01  7.76727467e+04  1.62327089e+01
  2.45582069e+05 -4.30009503e+01  1.17198549e+05  2.43747496e+01
  2.59685342e+01  6.05760551e-07  2.06488762e+01  4.04348100e-07
  2.64880317e+01  5.91391798e-07  1.89166302e+01  9.36687437e-07
  2.39123329e+01  1.26278899e-06  1.90897976e+01  7.23296392e-07]
Gallus_gallus: [ 2.38769855e+05 -1.29446242e+00  1.25014231e+05  2.77582957e+01
  2.57462788e+05 -7.48473786e+01  1.24707471e+05  2.67607013e+01
  1.60940101e+05  4.08124085e+01  7.27236321e+04  1.50060301e+01
  2.29298970e+05 -6.47035657e+01  1.11340688e+05  2.40079938e+01
  2.71450557e+01  5.41374563e-07  1.95652074e+01  9.06075402e-07
  2.57690658e+01  6.23361844e-07  1.88634006e+01  1.17465019e-06
  2.52068769e+01  1.00659816e-06  1.84035892e+01  1.57751574e-06]
Mus_musculus: [ 2.49075577e+05  4.89967902e+01  1.32276507e+05  3.01020417e+01
  2.16831474e+05 -1.52180867e+01  1.05453273e+05  2.24391723e+01
  1.59673517e+05 -3.28058360e+01  7.45948964e+04  1.56367069e+01
  2.52763187e+05 -5.23732005e+01  1.22545825e+05  2.57935460e+01
  2.57631223e+01  2.45409928e-07  2.05411402e+01  6.66472711e-07
  2.78132405e+01  8.66321191e-07  1.83166004e+01  2.14055180e-07
  2.38517479e+01  3.71823680e-07  1.89666411e+01  7.81930896e-07]
Pan_troglodytes: [ 2.32987210e+05  1.46493173e+01  1.19638785e+05  2.61885985e+01
  2.47132025e+05  7.30974070e+00  1.18146249e+05  2.55009810e+01
  1.63986016e+05 -8.25607361e+00  7.52698744e+04  1.58654480e+01
  2.35115827e+05 -5.38462632e+01  1.19884637e+05  2.64035212e+01
  2.57587971e+01  1.14312259e-07  1.96983642e+01  1.98826969e-07
  2.62890016e+01  5.07378832e-07  1.92232452e+01  1.08510652e-07
  2.58879255e+01  2.59317305e-07  1.97545403e+01  4.32986259e-07]
Oryza_sativa: [ 2.25080819e+05  8.20682921e+00  1.13025399e+05  2.39302239e+01
  2.02833471e+05 -2.23197780e+00  1.00879514e+05  2.17184735e+01
  2.09646637e+05  6.53709608e+00  9.29851396e+04  1.88667451e+01
  2.77250132e+05 -1.37558820e+01  1.32836820e+05  2.75632486e+01
  2.27161070e+01  2.53649722e-07  2.11382450e+01  4.19390575e-07
  2.52193199e+01  5.45114409e-07  2.01956280e+01  2.34026611e-07
  2.36307318e+01  2.66811837e-07  2.21222917e+01  5.40805972e-07]
